jajal
[85, 83, 46, 0, 6, 39, 79, 65, 49, 48, 66, 83, 51, 12, 2, 28, 71, 82]
jajal-r
[85, 73, 32, 0, 11, 56, 68, 53, 43, 45, 59, 75, 55, 9, 0, 24, 67, 83]
jajal-s
[85, 76, 33, 3, 22, 52, 80, 57, 42, 41, 58, 83, 58, 11, 0, 30, 71, 84]

jajal2
[85, 38, 11, 1, 0, 7, 28, 85, 72, 72, 42, 15, 5, 4, 10, 30, 73, 71]
jajal2-r
[85, 62, 19, 4, 0, 4, 19, 66, 77, 73, 72, 27, 10, 5, 7, 20, 63, 73]
jajal2-s
[85, 35, 10, 1, 0, 6, 27, 85, 71, 68, 41, 15, 6, 5, 11, 30, 68, 70]

jajal3
[85, 17, 7, 4, 3, 3, 6, 53, 54, 57, 66, 3, 1, 0, 0, 2, 6, 25]
jajal3-r
[85, 21, 7, 4, 2, 2, 4, 8, 56, 59, 65, 4, 1, 0, 0, 1, 5, 18]
jajal3-s
[85, 25, 9, 5, 3, 3, 5, 47, 48, 54, 62, 4, 1, 0, 0, 1, 4, 12]

jajal4
[85, 62, 60, 70, 28, 12, 14, 32, 70, 58, 53, 73, 79, 22, 3, 0, 15, 60]
jajal4-r
[85, 60, 55, 62, 27, 13, 16, 34, 65, 52, 52, 75, 70, 19, 2, 0, 12, 51]
jajal4-s
[85, 62, 52, 57, 36, 14, 9, 20, 49, 61, 47, 54, 82, 36, 8, 0, 5, 30]

jajal5
[85, 80, 24, 7, 1, 2, 8, 25, 83, 82, 78, 28, 7, 1, 0, 7, 23, 69]
jajal5-r
[85, 79, 22, 5, 0, 0, 7, 24, 82, 75, 73, 31, 7, 1, 1, 5, 22, 65]
jajal5-s
[85, 76, 22, 6, 1, 1, 7, 21, 71, 80, 68, 28, 7, 2, 0, 5, 19, 67]