palu
a-100, 68, 36, 26, 21, 19, 17, 16, 16, 16, 16, 16, 17, 18, 21, 25, 33, 64, 67, 69, 27, 20, 17, 15, 14, 13, 13, 12, 13, 13, 13, 14, 16, 19, 24, 39, >> train
b-100, 68, 36, 27, 21, 19, 17, 17, 16, 15, 16, 16, 17, 18, 21, 25, 34, 63, 67, 69, 28, 20, 17, 15, 14, 13, 13, 13, 13, 13, 14, 14, 16, 19, 24, 40, >> test5
c-100, 68, 36, 27, 21, 18, 17, 16, 16, 16, 15, 16, 16, 18, 20, 25, 31, 64, 67, 69, 28, 20, 17, 15, 14, 13, 13, 13, 13, 13, 14, 15, 17, 20, 24, 39, >> test9

gelas
a2-100, 99, 96, 83, 75, 70, 66, 64, 63, 63, 64, 67, 71, 78, 91, 94, 90, 87, 87, 87, 90, 94, 91, 78, 70, 67, 64, 63, 63, 64, 66, 70, 75, 84, 96, 99, >> train
b2-100, 99, 97, 83, 75, 69, 66, 64, 63, 63, 64, 67, 71, 78, 92, 95, 91, 89, 88, 89, 91, 95, 92, 79, 72, 67, 65, 64, 63, 64, 67, 70, 75, 85, 97, 99, >> test1
c2-100, 99, 97, 84, 75, 69, 66, 64, 63, 63, 65, 67, 71, 78, 93, 94, 90, 88, 87, 88, 90, 94, 89, 76, 70, 66, 63, 62, 62, 63, 65, 68, 74, 83, 96, 99, >> test6

pulpen
a3-100, 48, 33, 27, 23, 21, 20, 19, 19, 19, 19, 20, 21, 23, 27, 34, 48, 100, 97, 46, 31, 26, 22, 20, 19, 19, 18, 18, 19, 20, 20, 22, 26, 31, 47, 97, >> test2
b3-100, 47, 33, 26, 23, 21, 20, 18, 19, 18, 18, 20, 20, 22, 26, 31, 47, 97, 97, 47, 31, 25, 22, 20, 19, 18, 18, 18, 18, 19, 20, 22, 25, 31, 47, 97, >> test7
c3-100, 47, 31, 26, 22, 20, 20, 18, 18, 18, 18, 19, 20, 22, 26, 33, 47, 98, 96, 47, 30, 24, 22, 19, 19, 18, 18, 17, 18, 19, 19, 21, 25, 30, 46, 96, >> train

charger
a4-100, 95, 92, 91, 92, 95, 100, 92, 83, 78, 75, 73, 72, 73, 75, 74, 77, 85, 92, 94, 85, 85, 85, 96, 92, 88, 80, 74, 75, 73, 72, 73, 75, 78, 84, 93, >> test3
b4-100, 94, 91, 91, 92, 94, 99, 93, 83, 78, 75, 73, 72, 73, 74, 74, 77, 85, 92, 94, 85, 84, 85, 96, 92, 87, 79, 74, 75, 73, 72, 73, 75, 78, 83, 93, >> test8
c4-100, 94, 92, 91, 92, 94, 100, 93, 84, 78, 75, 73, 73, 73, 74, 74, 77, 86, 92, 94, 85, 85, 85, 96, 92, 88, 79, 74, 74, 73, 73, 73, 75, 78, 84, 93, >> train 

dompet
a5-100, 95, 92, 91, 91, 88, 75, 66, 62, 59, 57, 56, 56, 57, 60, 63, 71, 84, 90, 90, 91, 94, 98, 86, 71, 63, 59, 56, 54, 53, 54, 55, 57, 61, 69, 81, >> test4
b5-100, 96, 92, 91, 90, 89, 76, 67, 62, 59, 57, 56, 57, 57, 59, 63, 70, 83, 91, 90, 91, 94, 98, 89, 73, 64, 59, 56, 54, 54, 54, 55, 58, 61, 68, 80, >> train
c5-100, 95, 92, 90, 90, 88, 75, 67, 62, 58, 56, 56, 56, 57, 59, 63, 69, 82, 90, 90, 91, 94, 98, 90, 73, 64, 59, 56, 54, 54, 54, 55, 57, 61, 68, 80, >> test10

